Man or Mouse - Exact Theoretical Win Probabilities
======================================================================

Probabilities for a 2 person game:
----------------------------------------------------------------------
Hand     Win%       Tie%       Loss%
----------------------------------------------------------------------
AA      99.918%     0.082%     0.000%
KK      99.429%     0.082%     0.490%
QQ      98.939%     0.082%     0.980%
JJ      98.449%     0.082%     1.469%
1010    97.959%     0.082%     1.959%
99      97.469%     0.082%     2.449%
88      96.980%     0.082%     2.939%
77      96.490%     0.082%     3.429%
66      96.000%     0.082%     3.918%
55      95.510%     0.082%     4.408%
44      95.020%     0.082%     4.898%
33      94.531%     0.082%     5.388%
22      94.041%     0.082%     5.878%
AK      93.388%     0.735%     5.878%
AQ      92.408%     0.735%     6.857%
AJ      91.429%     0.735%     7.837%
A10     90.449%     0.735%     8.816%
A9      89.469%     0.735%     9.796%
A8      88.490%     0.735%    10.776%
A7      87.510%     0.735%    11.755%
A6      86.531%     0.735%    12.735%
A5      85.551%     0.735%    13.714%
A4      84.571%     0.735%    14.694%
A3      83.592%     0.735%    15.673%
A2      82.612%     0.735%    16.653%
KQ      78.367%     0.735%    20.898%
KJ      77.388%     0.735%    21.878%
K10     76.408%     0.735%    22.857%
K9      75.429%     0.735%    23.837%
K8      74.449%     0.735%    24.816%
K7      73.469%     0.735%    25.796%
K6      72.490%     0.735%    26.776%
K5      71.510%     0.735%    27.755%
K4      70.531%     0.735%    28.735%
K3      69.551%     0.735%    29.714%
K2      68.571%     0.735%    30.694%
QJ      64.653%     0.735%    34.612%
Q10     63.673%     0.735%    35.592%
Q9      62.694%     0.735%    36.571%
Q8      61.714%     0.735%    37.551%
Q7      60.735%     0.735%    38.531%
Q6      59.755%     0.735%    39.510%
Q5      58.776%     0.735%    40.490%
Q4      57.796%     0.735%    41.469%
Q3      56.816%     0.735%    42.449%
Q2      55.837%     0.735%    43.429%
J10     52.245%     0.735%    47.020%
J9      51.265%     0.735%    48.000%
J8      50.286%     0.735%    48.980%
J7      49.306%     0.735%    49.959%
J6      48.327%     0.735%    50.939%
J5      47.347%     0.735%    51.918%
J4      46.367%     0.735%    52.898%
J3      45.388%     0.735%    53.878%
J2      44.408%     0.735%    54.857%
109     41.143%     0.735%    58.122%
108     40.163%     0.735%    59.102%
107     39.184%     0.735%    60.082%
106     38.204%     0.735%    61.061%
105     37.224%     0.735%    62.041%
104     36.245%     0.735%    63.020%
103     35.265%     0.735%    64.000%
102     34.286%     0.735%    64.980%
98      31.347%     0.735%    67.918%
97      30.367%     0.735%    68.898%
96      29.388%     0.735%    69.878%
95      28.408%     0.735%    70.857%
94      27.429%     0.735%    71.837%
93      26.449%     0.735%    72.816%
92      25.469%     0.735%    73.796%
87      22.857%     0.735%    76.408%
86      21.878%     0.735%    77.388%
85      20.898%     0.735%    78.367%
84      19.918%     0.735%    79.347%
83      18.939%     0.735%    80.327%
82      17.959%     0.735%    81.306%
76      15.673%     0.735%    83.592%
75      14.694%     0.735%    84.571%
74      13.714%     0.735%    85.551%
73      12.735%     0.735%    86.531%
72      11.755%     0.735%    87.510%
65       9.796%     0.735%    89.469%
64       8.816%     0.735%    90.449%
63       7.837%     0.735%    91.429%
62       6.857%     0.735%    92.408%
54       5.224%     0.735%    94.041%
53       4.245%     0.735%    95.020%
52       3.265%     0.735%    96.000%
43       1.959%     0.735%    97.306%
42       0.980%     0.735%    98.286%
32       0.000%     0.735%    99.265%

Completed in 0.04 seconds

Probabilities for a 3 person game:
----------------------------------------------------------------------
Hand     Win%       Tie%       Loss%
----------------------------------------------------------------------
AA      99.837%     0.163%     0.000%
KK      98.858%     0.162%     0.979%
QQ      97.885%     0.162%     1.953%
JJ      96.917%     0.161%     2.922%
1010    95.955%     0.160%     3.885%
99      94.997%     0.159%     4.844%
88      94.045%     0.158%     5.797%
77      93.098%     0.157%     6.745%
66      92.156%     0.156%     7.687%
55      91.220%     0.155%     8.625%
44      90.288%     0.155%     9.557%
33      89.362%     0.154%    10.484%
22      88.441%     0.153%    11.406%
AK      87.217%     1.378%    11.405%
AQ      85.389%     1.368%    13.243%
AJ      83.576%     1.357%    15.066%
A10     81.777%     1.347%    16.876%
A9      79.991%     1.337%    18.672%
A8      78.220%     1.326%    20.454%
A7      76.462%     1.316%    22.222%
A6      74.718%     1.305%    23.977%
A5      72.988%     1.295%    25.717%
A4      71.272%     1.284%    27.443%
A3      69.570%     1.274%    29.156%
A2      67.882%     1.264%    30.855%
KQ      60.964%     1.149%    37.887%
KJ      59.442%     1.139%    39.419%
K10     57.935%     1.128%    40.937%
K9      56.441%     1.118%    42.441%
K8      54.961%     1.107%    43.931%
K7      53.495%     1.097%    45.408%
K6      52.043%     1.086%    46.870%
K5      50.605%     1.076%    48.319%
K4      49.181%     1.066%    49.753%
K3      47.771%     1.055%    51.174%
K2      46.374%     1.045%    52.581%
QJ      41.127%     0.941%    57.932%
Q10     39.884%     0.930%    59.186%
Q9      38.654%     0.920%    60.426%
Q8      37.438%     0.909%    61.653%
Q7      36.236%     0.899%    62.865%
Q6      35.048%     0.888%    64.063%
Q5      33.874%     0.878%    65.248%
Q4      32.714%     0.868%    66.419%
Q3      31.568%     0.857%    67.575%
Q2      30.435%     0.847%    68.718%
J10     26.567%     0.753%    72.680%
J9      25.574%     0.743%    73.684%
J8      24.594%     0.732%    74.674%
J7      23.628%     0.722%    75.650%
J6      22.677%     0.711%    76.612%
J5      21.739%     0.701%    77.561%
J4      20.815%     0.690%    78.495%
J3      19.904%     0.680%    79.416%
J2      19.008%     0.670%    80.322%
109     16.255%     0.586%    83.158%
108     15.484%     0.576%    83.940%
107     14.727%     0.565%    84.708%
106     13.983%     0.555%    85.462%
105     13.254%     0.545%    86.201%
104     12.538%     0.534%    86.927%
103     11.837%     0.524%    87.640%
102     11.149%     0.513%    88.338%
98       9.275%     0.440%    90.285%
97       8.698%     0.430%    90.872%
96       8.135%     0.419%    91.445%
95       7.587%     0.409%    92.004%
94       7.052%     0.399%    92.550%
93       6.531%     0.388%    93.081%
92       6.023%     0.378%    93.599%
87       4.820%     0.315%    94.865%
86       4.410%     0.305%    95.285%
85       4.014%     0.294%    95.692%
84       3.632%     0.284%    96.084%
83       3.264%     0.274%    96.463%
82       2.909%     0.263%    96.828%
76       2.195%     0.211%    97.594%
75       1.924%     0.201%    97.875%
74       1.667%     0.190%    98.142%
73       1.424%     0.180%    98.396%
72       1.195%     0.169%    98.636%
65       0.818%     0.128%    99.054%
64       0.658%     0.117%    99.224%
63       0.512%     0.107%    99.381%
62       0.380%     0.096%    99.523%
54       0.215%     0.065%    99.719%
53       0.139%     0.055%    99.806%
52       0.076%     0.044%    99.879%
43       0.026%     0.023%    99.950%
42       0.005%     0.013%    99.982%
32       0.000%     0.003%    99.997%

Completed in 2.49 seconds

Probabilities for a 4 person game:
----------------------------------------------------------------------
Hand     Win%       Tie%       Loss%
----------------------------------------------------------------------
AA      99.755%     0.245%     0.000%
KK      98.290%     0.242%     1.468%
QQ      96.840%     0.240%     2.921%
JJ      95.405%     0.237%     4.357%
1010    93.986%     0.235%     5.779%
99      92.583%     0.232%     7.185%
88      91.194%     0.230%     8.576%
77      89.821%     0.227%     9.952%
66      88.463%     0.224%    11.312%
55      87.120%     0.222%    12.658%
44      85.791%     0.220%    13.989%
33      84.478%     0.217%    15.305%
22      83.179%     0.215%    16.606%
AK      81.457%     1.939%    16.604%
AQ      78.901%     1.910%    19.189%
AJ      76.383%     1.881%    21.736%
A10     73.905%     1.852%    24.243%
A9      71.465%     1.823%    26.712%
A8      69.063%     1.794%    29.143%
A7      66.700%     1.765%    31.535%
A6      64.375%     1.737%    33.888%
A5      62.087%     1.708%    36.204%
A4      59.838%     1.680%    38.482%
A3      57.626%     1.652%    40.722%
A2      55.452%     1.624%    42.925%
KQ      47.045%     1.337%    51.618%
KJ      45.287%     1.313%    53.400%
K10     43.561%     1.289%    55.150%
K9      41.867%     1.265%    56.868%
K8      40.205%     1.241%    58.554%
K7      38.574%     1.217%    60.209%
K6      36.975%     1.194%    61.831%
K5      35.407%     1.170%    63.423%
K4      33.871%     1.147%    64.983%
K3      32.365%     1.124%    66.511%
K2      30.890%     1.100%    68.009%
QJ      25.700%     0.887%    73.413%
Q10     24.537%     0.867%    74.596%
Q9      23.400%     0.848%    75.752%
Q8      22.288%     0.829%    76.883%
Q7      21.203%     0.809%    77.988%
Q6      20.143%     0.790%    79.067%
Q5      19.108%     0.771%    80.121%
Q4      18.098%     0.752%    81.149%
Q3      17.114%     0.734%    82.152%
Q2      16.154%     0.715%    83.130%
J10     13.112%     0.562%    86.326%
J9      12.379%     0.546%    87.075%
J8      11.666%     0.531%    87.803%
J7      10.973%     0.516%    88.511%
J6      10.301%     0.501%    89.199%
J5       9.649%     0.486%    89.866%
J4       9.016%     0.471%    90.513%
J3       8.404%     0.456%    91.140%
J2       7.811%     0.441%    91.748%
109      6.140%     0.335%    93.525%
108      5.704%     0.323%    93.972%
107      5.285%     0.312%    94.404%
106      4.881%     0.300%    94.819%
105      4.492%     0.289%    95.219%
104      4.119%     0.277%    95.604%
103      3.760%     0.266%    95.974%
102      3.417%     0.255%    96.328%
98       2.572%     0.185%    97.243%
97       2.333%     0.177%    97.490%
96       2.106%     0.168%    97.726%
95       1.891%     0.160%    97.950%
94       1.686%     0.151%    98.163%
93       1.492%     0.143%    98.364%
92       1.310%     0.135%    98.555%
87       0.927%     0.093%    98.980%
86       0.810%     0.087%    99.104%
85       0.701%     0.081%    99.219%
84       0.599%     0.075%    99.326%
83       0.505%     0.069%    99.426%
82       0.419%     0.064%    99.518%
76       0.270%     0.040%    99.690%
75       0.221%     0.036%    99.743%
74       0.176%     0.032%    99.791%
73       0.137%     0.029%    99.834%
72       0.102%     0.025%    99.873%
65       0.057%     0.014%    99.930%
64       0.040%     0.012%    99.948%
63       0.027%     0.010%    99.964%
62       0.016%     0.008%    99.976%
54       0.007%     0.003%    99.990%
53       0.003%     0.002%    99.994%
52       0.001%     0.001%    99.997%
43       0.000%     0.000%    99.999%
42       0.000%     0.000%   100.000%
32       0.000%     0.000%   100.000%

Completed in 69.26 seconds

Probabilities for a 5 person game:
----------------------------------------------------------------------
Hand     Win%       Tie%       Loss%
----------------------------------------------------------------------
AA      99.673%     0.327%     0.000%
KK      97.722%     0.321%     1.957%
QQ      95.802%     0.316%     3.882%
JJ      93.912%     0.311%     5.776%
1010    92.053%     0.306%     7.641%
99      90.224%     0.301%     9.474%
88      88.425%     0.296%    11.279%
77      86.655%     0.291%    13.053%
66      84.914%     0.287%    14.799%
55      83.202%     0.282%    16.516%
44      81.518%     0.277%    18.205%
33      79.862%     0.273%    19.865%
22      78.234%     0.268%    21.498%
AK      76.081%     2.425%    21.493%
AQ      72.902%     2.371%    24.727%
AJ      69.796%     2.316%    27.888%
A10     66.761%     2.262%    30.976%
A9      63.798%     2.209%    33.993%
A8      60.906%     2.156%    36.938%
A7      58.084%     2.104%    39.812%
A6      55.332%     2.052%    42.616%
A5      52.649%     2.000%    45.351%
A4      50.034%     1.949%    48.017%
A3      47.487%     1.898%    50.615%
A2      45.007%     1.848%    53.145%
KQ      35.985%     1.370%    62.644%
KJ      34.195%     1.333%    64.471%
K10     32.454%     1.297%    66.249%
K9      30.762%     1.260%    67.978%
K8      29.118%     1.224%    69.658%
K7      27.521%     1.189%    71.290%
K6      25.972%     1.154%    72.875%
K5      24.469%     1.119%    74.413%
K4      23.012%     1.084%    75.904%
K3      21.601%     1.050%    77.349%
K2      20.235%     1.016%    78.748%
QJ      15.747%     0.729%    83.524%
Q10     14.799%     0.705%    84.496%
Q9      13.882%     0.681%    85.436%
Q8      12.997%     0.658%    86.345%
Q7      12.144%     0.635%    87.222%
Q6      11.320%     0.612%    88.068%
Q5      10.527%     0.589%    88.883%
Q4       9.764%     0.567%    89.669%
Q3       9.030%     0.545%    90.425%
Q2       8.326%     0.523%    91.151%
J10      6.261%     0.360%    93.379%
J9       5.795%     0.346%    93.859%
J8       5.349%     0.331%    94.320%
J7       4.922%     0.317%    94.761%
J6       4.514%     0.302%    95.183%
J5       4.125%     0.289%    95.586%
J4       3.754%     0.275%    95.971%
J3       3.401%     0.261%    96.337%
J2       3.066%     0.248%    96.685%
109      2.205%     0.162%    97.633%
108      1.997%     0.154%    97.849%
107      1.801%     0.145%    98.054%
106      1.615%     0.137%    98.248%
105      1.441%     0.129%    98.430%
104      1.277%     0.121%    98.602%
103      1.123%     0.113%    98.764%
102      0.979%     0.106%    98.915%
98       0.663%     0.065%    99.273%
97       0.581%     0.060%    99.359%
96       0.506%     0.056%    99.439%
95       0.436%     0.051%    99.513%
94       0.371%     0.047%    99.581%
93       0.312%     0.043%    99.644%
92       0.259%     0.039%    99.702%
87       0.161%     0.022%    99.818%
86       0.134%     0.020%    99.847%
85       0.110%     0.018%    99.873%
84       0.088%     0.016%    99.896%
83       0.069%     0.014%    99.917%
82       0.052%     0.012%    99.936%
76       0.029%     0.006%    99.966%
75       0.022%     0.005%    99.973%
74       0.016%     0.004%    99.980%
73       0.011%     0.003%    99.986%
72       0.007%     0.003%    99.990%
65       0.003%     0.001%    99.996%
64       0.002%     0.001%    99.997%
63       0.001%     0.001%    99.998%
62       0.000%     0.000%    99.999%
54       0.000%     0.000%   100.000%
53       0.000%     0.000%   100.000%
52       0.000%     0.000%   100.000%
43       0.000%     0.000%   100.000%
42       0.000%     0.000%   100.000%
32       0.000%     0.000%   100.000%

Completed in 1241.90 seconds